A = [1 2.5 120; 1 2.125 110.5]